     0/299      1.7G    0.1049   0.02599   0.05262    0.1835        29       640 5.537e-05   0.01852 1.044e-05 2.089e-06    0.1126   0.01711   0.05597
     1/299     4.45G   0.08476    0.0162   0.04922    0.1502        41       640         0         0         0         0   0.09252   0.01454   0.05191
     2/299     4.45G   0.07375   0.01713   0.04539    0.1363        36       640 0.0004949    0.1389   0.00113   0.00025   0.09489   0.01315   0.04755
     3/299     4.45G   0.06511   0.01566   0.04293    0.1237        27       640    0.8369   0.05556  0.003108 0.0004649   0.09593   0.01288   0.04817
     4/299     4.45G   0.06952   0.01625   0.04591    0.1317        39       640    0.8561   0.01852  0.009996  0.003373   0.09623   0.01397   0.04824
     5/299     4.45G    0.0719   0.01551   0.04656     0.134        29       640    0.3652    0.1759    0.0331  0.005074   0.09564   0.01356   0.04608
     6/299     4.45G   0.06512   0.01671   0.04005    0.1219        31       640     0.176   0.09722     0.009  0.001409   0.09061   0.01263   0.04289
     7/299     4.45G   0.05977   0.01641   0.04001    0.1162        26       640     0.848   0.01852   0.01046  0.001461   0.07835   0.01356   0.04165
     8/299     4.45G   0.05915   0.01648   0.04219    0.1178        34       640    0.8704   0.03704   0.03103  0.004487    0.0773   0.01327   0.04427
     9/299     4.45G   0.05816   0.01651   0.03901    0.1137        29       640    0.3467   0.09491   0.01236  0.001524   0.07967   0.01206   0.04345
    10/299     4.45G   0.06381   0.01652   0.04316    0.1235        31       640    0.4777    0.1468    0.0939   0.02138   0.07418   0.01166   0.04104
    11/299     4.45G   0.05988   0.01701   0.04277    0.1197        42       640    0.7532   0.04815   0.07824    0.0195   0.07047   0.01324   0.04012
    12/299     4.45G   0.06141   0.01578   0.03876     0.116        30       640    0.5753     0.127   0.05393   0.01122   0.07315   0.01222   0.03847
    13/299     4.45G   0.05788   0.01629   0.03781     0.112        31       640    0.5498    0.1259   0.07763   0.02175    0.0767   0.01201   0.03766
    14/299     4.45G    0.0553   0.01593   0.03777     0.109        38       640    0.2138    0.1259   0.06425   0.02014   0.07028   0.01286   0.03766
    15/299     4.45G   0.05202   0.01446   0.03363    0.1001        28       640    0.8997   0.04444   0.03786   0.01439   0.07334   0.01256    0.0378
    16/299     4.45G   0.05882   0.01554   0.03274    0.1071        31       640    0.7438   0.07778   0.08059   0.02005   0.07336   0.01026   0.03445
    17/299     4.45G   0.05219    0.0152   0.03015   0.09754        32       640    0.7014   0.07778   0.03079  0.006893   0.07145   0.01121   0.03243
    18/299     4.45G   0.05622   0.01545    0.0355    0.1072        31       640     0.519   0.03333  0.006128  0.001211   0.08797  0.008251   0.04083
    19/299     4.45G    0.0613   0.01523   0.03833    0.1149        36       640    0.2366   0.05556  0.007451  0.002099   0.08019  0.009311   0.04832
    20/299     4.45G   0.05718   0.01438   0.02931    0.1009        29       640    0.5432    0.1481   0.02348  0.003012   0.07419   0.01082   0.05054
    21/299     4.45G   0.06377   0.01418   0.03584    0.1138        29       640    0.7796    0.1368   0.04978   0.01417   0.07365   0.01078    0.0543
    22/299     4.45G   0.06019   0.01442    0.0339    0.1085        37       640    0.5765    0.1481   0.04247   0.01011   0.07354   0.01081   0.06501
    23/299     4.45G   0.05841   0.01522    0.0354     0.109        30       640     0.534    0.2097    0.0557   0.01744   0.07196    0.0154   0.06078
    24/299     4.45G   0.06027   0.01445   0.03321    0.1079        30       640    0.3765    0.1764   0.04071  0.008318   0.07343   0.01087    0.0622
    25/299     4.45G   0.05783   0.01473   0.03156    0.1041        39       640    0.9426   0.02222   0.02597  0.008325   0.07236   0.01127   0.06745
    26/299     4.45G   0.05707   0.01444   0.03156    0.1031        27       640    0.7794     0.175   0.07777   0.01812   0.06653   0.01422   0.04279
    27/299     4.45G   0.05715   0.01453     0.029    0.1007        35       640    0.2141     0.312    0.1403   0.03032   0.06809   0.01418   0.02739
    28/299     4.45G   0.05586   0.01502   0.02977    0.1007        30       640    0.8569    0.1556    0.1477   0.04285   0.06593   0.01414   0.02057
    29/299     4.45G   0.05595   0.01367   0.02726   0.09688        26       640    0.6578    0.1185    0.1085   0.04061   0.06388   0.01328   0.01923
    30/299     4.45G   0.05261   0.01415   0.02732   0.09408        33       640    0.4053    0.1519   0.06987   0.01975   0.06584   0.01331    0.0231
    31/299     4.45G   0.05834   0.01521   0.03183    0.1054        32       640    0.7651    0.1333    0.1266   0.03342   0.06469   0.01319   0.02121
    32/299     4.45G   0.05617   0.01492   0.02627   0.09736        34       640    0.7851    0.1741    0.1772   0.04115   0.06443     0.017   0.02155
    33/299     4.45G   0.05632   0.01413   0.03093    0.1014        27       640     0.713    0.2111    0.2095   0.04688   0.05981   0.01252   0.01715
    34/299     4.45G   0.05451   0.01402   0.02753   0.09606        29       640    0.4898    0.2681    0.1496   0.04847   0.05774    0.0128   0.01969
    35/299     4.45G   0.05857   0.01299   0.02565   0.09722        37       640    0.7956    0.1333    0.1556   0.03863   0.06295   0.01356   0.02078
    36/299     4.45G   0.05706   0.01535   0.02592   0.09833        39       640    0.4127    0.2046     0.163   0.04845   0.06369   0.01313   0.02281
    37/299     4.45G   0.05731   0.01443   0.02288   0.09462        34       640    0.3061    0.3991    0.2702   0.06665   0.05795   0.01418    0.0167
    38/299     4.45G   0.05722   0.01338   0.02625   0.09685        28       640    0.3205    0.3905    0.3519    0.1215   0.05685   0.01113   0.01895
    39/299     4.45G   0.05498   0.01364   0.02311   0.09174        29       640    0.3683    0.3269    0.2858   0.08984    0.0586   0.01185   0.01802
    40/299     4.45G   0.05654   0.01275   0.02366   0.09296        34       640    0.2094    0.2889    0.2358    0.0652    0.0582   0.01149   0.01917
    41/299     4.45G   0.05546    0.0141   0.02555    0.0951        30       640    0.2565    0.2281     0.191   0.05815   0.05777   0.01218   0.01797
    42/299     4.45G   0.05757    0.0142   0.02711   0.09888        30       640    0.3383    0.2565    0.2161   0.06588   0.05628   0.01194   0.02249
    43/299     4.45G    0.0603   0.01492   0.02479       0.1        34       640    0.3268    0.4589    0.3067   0.09335    0.0542   0.01216   0.01684
    44/299     4.45G   0.05378   0.01378   0.02067   0.08822        29       640    0.3153    0.3218    0.2469   0.08183   0.05753    0.0114    0.0171
    45/299     4.45G    0.0482   0.01402     0.022   0.08423        32       640    0.3449     0.385    0.3013    0.0973   0.05896   0.01207   0.02075
    46/299     4.45G   0.05262   0.01384   0.01912   0.08557        37       640    0.4845    0.4183    0.3383    0.1137   0.05357   0.01175   0.01767
    47/299     4.45G   0.04688   0.01354    0.0255   0.08592        28       640     0.241    0.5328    0.3303    0.1253   0.05326   0.01156   0.01597
    48/299     4.45G   0.04961   0.01417   0.01898   0.08277        27       640    0.2977    0.4773     0.341    0.1113   0.05495   0.01148    0.0174
    49/299     4.45G   0.05124   0.01299   0.01989   0.08413        28       640    0.2163    0.5289    0.2962    0.1231    0.0531   0.01222   0.01834
    50/299     4.45G   0.04747   0.01426   0.02181   0.08354        25       640     0.234    0.4412    0.3031   0.08444   0.05283   0.01275   0.01459
    51/299     4.45G   0.04963   0.01384   0.02141   0.08488        30       640    0.3459    0.3606    0.2837   0.06473    0.0521   0.01444   0.01519
    52/299     4.45G   0.05172   0.01325   0.02524    0.0902        31       640    0.2007    0.3968     0.262   0.07531   0.05381   0.01403   0.01428
    53/299     4.45G   0.05084    0.0134   0.01758   0.08182        32       640    0.3719    0.3625    0.2835    0.1138   0.05594   0.01385   0.01668
    54/299     4.45G   0.04599   0.01269   0.01608   0.07477        27       640    0.3185    0.3077    0.3061   0.09554   0.05272   0.01276   0.01597
    55/299     4.45G   0.04856   0.01293   0.01707   0.07856        25       640    0.3662    0.4077    0.3272   0.09055   0.05447   0.01266   0.01443
    56/299     4.45G   0.05227   0.01354   0.02033   0.08614        31       640    0.1735    0.5452    0.2437   0.05527   0.05279   0.01304   0.01559
    57/299     4.45G   0.05185   0.01302   0.01747   0.08235        41       640    0.2293    0.4584    0.2985   0.07764   0.05755    0.0121   0.01375
    58/299     4.45G   0.04702   0.01403   0.02067   0.08172        35       640    0.3469    0.4733    0.3321    0.1081   0.05375    0.0116    0.0134
    59/299     4.45G   0.04522   0.01301   0.01928   0.07752        28       640    0.4275    0.4179    0.3696    0.1072   0.05213   0.01232   0.01664
    60/299     4.45G   0.04487   0.01237   0.01951   0.07675        32       640    0.3997    0.4161    0.3234   0.09295   0.05403   0.01223   0.01907
    61/299     4.45G    0.0486   0.01319   0.01835   0.08014        33       640    0.2932    0.4662    0.2487   0.08216   0.05474   0.01192   0.02134
    62/299     4.45G   0.04494   0.01301   0.01761   0.07556        34       640     0.447    0.4016    0.3191    0.1035   0.05273   0.01248   0.01286
    63/299     4.45G   0.05085   0.01358    0.0208   0.08524        26       640    0.3706    0.5288    0.3799    0.1563   0.05952   0.01206   0.01114
    64/299     4.45G   0.05359   0.01262   0.01747   0.08368        30       640    0.2904    0.3977    0.3305     0.103   0.04936   0.01249   0.01176
    65/299     4.45G   0.05242   0.01359   0.01853   0.08454        36       640    0.4541    0.4844    0.4137    0.1507   0.04935   0.01188   0.01177
    66/299     4.45G   0.04629   0.01244   0.01837    0.0771        30       640    0.2718    0.5399    0.4039    0.1305   0.05468    0.0112   0.01258
    67/299     4.45G   0.05188    0.0131   0.01889   0.08387        34       640    0.3578    0.4878    0.4349    0.1354   0.05461   0.01183   0.01266
    68/299     4.45G   0.05005   0.01475    0.0183    0.0831        34       640    0.2606    0.3829    0.2708   0.08784   0.05387   0.01246   0.01698
    69/299     4.45G   0.04711   0.01264   0.01449   0.07425        27       640    0.3895    0.3766    0.3678    0.1356   0.05202   0.01519   0.01571
    70/299     4.45G   0.04981   0.01353    0.0184   0.08174        39       640    0.4988     0.254    0.3215    0.1076   0.05305   0.01427   0.01245
    71/299     4.45G   0.04097   0.01262   0.01471   0.06829        28       640    0.4122    0.4549    0.3854    0.1298    0.0557   0.01229   0.01377
    72/299     4.45G   0.04546    0.0134   0.01492   0.07378        34       640    0.4602    0.4245    0.4031    0.1699   0.05638   0.01074   0.01425
    73/299     4.45G   0.04716   0.01322   0.02022   0.08061        30       640     0.421    0.4433    0.4099    0.1494   0.05206   0.01087     0.014
    74/299     4.45G   0.04588    0.0134   0.01468   0.07396        31       640     0.528    0.4435     0.441    0.1532   0.04979   0.01093   0.01241
    75/299     4.45G   0.04703   0.01302   0.01566    0.0757        30       640     0.296    0.5463    0.3416    0.1158   0.05468    0.0113   0.01164
    76/299     4.45G   0.04558   0.01319   0.01568   0.07446        30       640    0.3652    0.4845    0.4051    0.1194   0.05051   0.01151   0.01459
    77/299     4.45G   0.04819   0.01238   0.01444   0.07501        28       640    0.4026    0.4243    0.3851    0.1162   0.04868   0.01136    0.0153
    78/299     4.45G    0.0447   0.01229   0.01678   0.07377        28       640    0.3776    0.4335    0.3849    0.1371   0.05266   0.01098   0.01397
    79/299     4.45G   0.04911   0.01235    0.0162   0.07766        36       640    0.3993    0.4163    0.3897    0.1124   0.05266   0.01073   0.01347
    80/299     4.45G   0.04825   0.01175   0.01476   0.07476        32       640    0.5882    0.3374    0.3787    0.1487   0.05152   0.01096   0.01377
    81/299     4.45G   0.04297    0.0115    0.0147   0.06916        28       640    0.5841    0.3417    0.3715    0.1441    0.0472   0.01213   0.01446
    82/299     4.45G   0.04389   0.01267   0.01466   0.07121        34       640    0.3703    0.3032    0.3259    0.1135   0.04895   0.01163   0.01364
    83/299     4.45G   0.04654    0.0124   0.01847   0.07741        27       640    0.3373    0.3868    0.3627    0.1358   0.05049   0.01151   0.01318
    84/299     4.45G   0.04744   0.01455   0.01756   0.07954        34       640    0.4445    0.4303    0.3961    0.1303   0.04979   0.01175   0.01265
    85/299     4.45G   0.04456    0.0126   0.01584     0.073        32       640    0.4728    0.5144    0.4444    0.1309   0.06077   0.01088   0.01564
    86/299     4.45G   0.04575   0.01226   0.01366   0.07167        27       640    0.6145    0.3161    0.4075    0.1228   0.06011   0.01136   0.01473
    87/299     4.45G   0.04779   0.01246   0.01512   0.07538        31       640    0.6813     0.328    0.3708    0.1401   0.05793   0.01074   0.01394
    88/299     4.45G   0.04641   0.01314   0.01608   0.07563        26       640     0.479    0.4163    0.4094    0.1436   0.04824   0.01142   0.01295
    89/299     4.45G   0.04673   0.01306   0.01741    0.0772        36       640     0.407    0.4394    0.3998    0.1349   0.05245   0.01085   0.01184
    90/299     4.45G   0.04909   0.01277   0.01523   0.07708        31       640    0.5402    0.4011    0.4473    0.1693   0.05129   0.01141   0.01061
    91/299     4.45G   0.04484   0.01293   0.01396   0.07173        29       640    0.5469    0.3125    0.3886    0.1453   0.05133   0.01207   0.01164
    92/299     4.45G   0.04689   0.01276   0.01109   0.07074        33       640    0.3468    0.5576    0.4286    0.1403   0.04974   0.01216   0.01016
    93/299     4.45G   0.04947   0.01229   0.01402   0.07579        29       640    0.4595    0.4511    0.4174      0.15   0.04738   0.01135   0.01068
    94/299     4.45G   0.04267   0.01282   0.01355   0.06904        29       640    0.4299    0.4757    0.4041    0.1481   0.04677   0.01118   0.01159
    95/299     4.45G   0.04202   0.01214   0.01271   0.06687        27       640    0.3849    0.4781    0.4239    0.1447   0.04884   0.01084   0.01154
    96/299     4.45G   0.04177   0.01198    0.0125   0.06625        32       640    0.5546     0.494     0.497    0.1896   0.04859   0.01038   0.01066
    97/299     4.45G   0.04334   0.01168    0.0149   0.06992        30       640    0.4624    0.4287    0.4621    0.1695   0.04827   0.01081    0.0109
    98/299     4.45G   0.04216   0.01118   0.01531   0.06865        29       640    0.2837    0.4994    0.3769    0.1208   0.05163    0.0113   0.01236
    99/299     4.45G   0.04376   0.01206     0.012   0.06782        30       640    0.6796    0.3785    0.4276    0.1507   0.05206   0.01175  0.009733
   100/299     4.45G   0.03665   0.01151   0.01119   0.05935        31       640    0.4207    0.4779    0.3618    0.1461   0.04999   0.01276  0.008945
   101/299     4.45G   0.04568   0.01208   0.01363   0.07138        32       640    0.3558    0.4024    0.3528    0.1406   0.04979   0.01226  0.009684
   102/299     4.45G   0.04129   0.01288   0.01148   0.06565        27       640    0.3468    0.4472    0.3262    0.1222   0.04888   0.01093   0.01088
   103/299     4.45G   0.04567    0.0118   0.01259   0.07006        27       640    0.3985    0.5288    0.4511    0.1639   0.04774   0.01128   0.00955
   104/299     4.45G   0.04005   0.01162   0.01063   0.06229        39       640    0.5859    0.6307    0.5461     0.193   0.04679   0.01134   0.01024
   105/299     4.45G   0.04456    0.0117   0.01041   0.06666        30       640    0.5398    0.5381    0.4696    0.1696   0.04386   0.01183   0.00948
   106/299     4.45G   0.04344   0.01227   0.01572   0.07143        30       640    0.4707    0.4321    0.3793     0.151   0.04936   0.01104  0.009024
   107/299     4.45G   0.04263   0.01261   0.01169   0.06692        28       640    0.5543    0.5408    0.5101    0.1859   0.04824   0.01089   0.01002
   108/299     4.45G    0.0469   0.01225   0.01473   0.07388        33       640    0.4165    0.5069    0.4856    0.1849   0.04722   0.01101   0.01175
   109/299     4.45G   0.04501   0.01287   0.01186   0.06974        30       640    0.6445    0.4425    0.4919    0.1858   0.04581    0.0108   0.01171
   110/299     4.45G   0.04497   0.01295   0.01266   0.07058        38       640    0.6633    0.4731    0.4987    0.1755   0.04797   0.01083   0.01161
   111/299     4.45G   0.04228   0.01148    0.0145   0.06827        27       640    0.6366    0.4866    0.5198     0.158   0.04932   0.01098   0.01231
   112/299     4.45G   0.04022   0.01171    0.0113   0.06323        26       640    0.6014    0.5148     0.535     0.199   0.04765   0.01084  0.009345
   113/299     4.45G   0.04243   0.01201   0.01049   0.06493        34       640    0.6104    0.5136    0.5188     0.162   0.05157   0.01119  0.008612
   114/299     4.45G   0.04474   0.01129   0.01446   0.07049        34       640    0.5036    0.4792    0.4534    0.1802   0.05276   0.01097   0.01184
   115/299     4.45G   0.04013   0.01248  0.009566   0.06217        41       640    0.5858    0.3823    0.4419     0.168   0.05255   0.01117   0.01311
   116/299     4.45G   0.03999   0.01162   0.01076   0.06237        32       640    0.3829    0.5622    0.4174     0.169   0.05162   0.01188   0.01642
   117/299     4.45G   0.04147   0.01188  0.009745    0.0631        27       640    0.4881     0.528    0.4155    0.1476   0.04894    0.0112    0.0103
   118/299     4.45G   0.04181   0.01181  0.009342   0.06296        30       640    0.5415    0.5209    0.4976    0.1564   0.04708    0.0112  0.008934
   119/299     4.45G   0.03829   0.01139   0.01137   0.06106        31       640    0.6213    0.4782    0.5075    0.1878   0.04533   0.01121  0.007899
   120/299     4.45G   0.03946   0.01167  0.007894   0.05902        34       640    0.6626    0.4948    0.5288     0.207   0.04433    0.0111  0.008144
   121/299     4.45G   0.04083   0.01084  0.008587   0.06026        23       640     0.592    0.4381      0.47    0.1849   0.04391   0.01097   0.01011
   122/299     4.45G   0.04256   0.01147  0.009311   0.06335        30       640    0.6431    0.4641     0.499     0.195   0.04692   0.01101   0.01154
   123/299     4.45G    0.0409   0.01143   0.01305   0.06538        31       640    0.5954    0.4407    0.4704    0.1601   0.04879   0.01121   0.01085
   124/299     4.45G   0.04253   0.01218   0.01195   0.06666        30       640    0.4233    0.5049    0.4489    0.1659   0.04571   0.01119  0.009191
   125/299     4.45G   0.03995   0.01145  0.008415   0.05981        29       640    0.6229    0.4784    0.5294    0.2179   0.04543   0.01126  0.008801
   126/299     4.45G   0.03983   0.01091  0.009663    0.0604        35       640    0.7153    0.4547     0.501    0.1882    0.0471   0.01158   0.01065
   127/299     4.45G   0.03987   0.01099   0.01168   0.06254        33       640    0.6308    0.4806    0.5113    0.2172   0.04721   0.01128   0.01147
   128/299     4.45G    0.0385   0.01107  0.009999   0.05957        29       640    0.5104    0.4807    0.5041     0.189    0.0469   0.01152   0.01196
   129/299     4.45G   0.03854   0.01105   0.01193   0.06152        26       640    0.4983    0.4663    0.4775    0.1763   0.04488   0.01125   0.01094
   130/299     4.45G   0.03642   0.01199  0.009213   0.05763        44       640    0.4613    0.4443    0.4275    0.1955    0.0437   0.01133  0.009857
   131/299     4.45G   0.03913   0.01154  0.009455   0.06012        28       640    0.7072    0.4589    0.4869    0.1816   0.04587   0.01161  0.009577
   132/299     4.45G   0.04034   0.01151   0.01068   0.06253        27       640    0.5506    0.4414    0.4772    0.1534   0.04633   0.01139  0.009246
   133/299     4.45G   0.03975   0.01174   0.01168   0.06317        29       640    0.4937    0.5112    0.4985    0.1602   0.04702   0.01146  0.008581
   134/299     4.45G   0.04023   0.01135   0.01026   0.06183        28       640    0.6913    0.4554    0.4744    0.1597   0.04547   0.01138  0.009704
   135/299     4.45G   0.04278   0.01131   0.01415   0.06824        32       640    0.4559    0.5627     0.446    0.1437   0.04524   0.01138   0.01056
   136/299     4.45G   0.03847   0.01075  0.008243   0.05746        26       640     0.439    0.5653    0.5009    0.1657   0.04421    0.0115  0.009985
   137/299     4.45G   0.04004    0.0117   0.01304   0.06478        28       640    0.4855    0.5211    0.4855    0.1759   0.04556   0.01144   0.01067
   138/299     4.45G   0.03745   0.01172  0.007418   0.05659        32       640    0.6755    0.4769    0.5149    0.1665   0.04646   0.01143   0.01087
   139/299     4.45G   0.04103   0.01179   0.01256   0.06539        35       640    0.7112    0.5361    0.5203     0.176   0.04767   0.01126    0.0108
   140/299     4.45G   0.04173   0.01156   0.00965   0.06294        32       640    0.6025    0.4765    0.4935    0.1807   0.05048   0.01095   0.01156
   141/299     4.45G   0.03928    0.0117   0.01119   0.06217        27       640    0.4909    0.4757    0.4757    0.1474   0.05031   0.01113   0.01268
   142/299     4.45G   0.04141   0.01177  0.009373   0.06255        31       640    0.5097    0.5425    0.5081    0.1875   0.04816    0.0112   0.01213
   143/299     4.45G   0.04045   0.01196  0.006741   0.05915        38       640    0.5069    0.5077    0.4574    0.1742     0.047   0.01124   0.01084
   144/299     4.45G   0.03827   0.01082   0.00999   0.05908        29       640    0.4776    0.6012    0.5452    0.2038   0.04719   0.01103   0.01071
   145/299     4.45G   0.03854   0.01108   0.01277   0.06239        31       640    0.4575    0.5301    0.4935    0.1856   0.04719    0.0108   0.01318
   146/299     4.45G   0.04025   0.01099   0.01061   0.06186        31       640     0.537    0.4745    0.4566    0.1805   0.04789   0.01081   0.01381
   147/299     4.45G   0.03894   0.01114   0.01156   0.06164        30       640    0.6894    0.5084    0.5302    0.1902   0.04882   0.01069   0.01069
   148/299     4.45G     0.041   0.01106   0.01158   0.06364        28       640    0.6536     0.481    0.5074    0.2115   0.04977   0.01123   0.01013
   149/299     4.45G   0.03825   0.01026  0.008648   0.05716        26       640    0.5781    0.5646    0.5188    0.1975   0.05193   0.01144  0.009709
   150/299     4.45G   0.03998   0.01182   0.01194   0.06374        29       640    0.4961    0.5679    0.5287    0.1816   0.05251   0.01141   0.01006
   151/299     4.45G   0.03535   0.01087   0.00863   0.05485        29       640    0.5386    0.5456    0.5235    0.1924   0.04979    0.0111  0.009867
   152/299     4.45G   0.03851   0.01133  0.008783   0.05862        32       640    0.5644    0.5407    0.5134     0.175   0.04953   0.01098  0.009879
   153/299     4.45G   0.04198   0.01143   0.01133   0.06473        34       640    0.5079    0.5872    0.5327    0.2011   0.04781   0.01126   0.01028
   154/299     4.45G   0.04135   0.01134   0.01242   0.06511        32       640    0.3988    0.5841    0.4797    0.1861   0.04761   0.01152  0.009562
   155/299     4.45G   0.03685   0.01098   0.01187    0.0597        35       640    0.4977    0.5557    0.5491    0.1786   0.04715   0.01161  0.009017
   156/299     4.45G   0.03499   0.01104  0.007595   0.05362        30       640    0.4636    0.5726    0.5068    0.1861   0.04713   0.01134   0.01007
   157/299     4.45G   0.03833   0.01138  0.009065   0.05877        32       640    0.4633    0.6011    0.5403    0.1804   0.04995   0.01131  0.009833
   158/299     4.45G   0.03607   0.01111  0.008278   0.05546        33       640    0.5248    0.4798    0.4861    0.1562   0.05277   0.01106   0.01094
   159/299     4.45G   0.04054    0.0118   0.01051   0.06285        23       640     0.462    0.5708    0.4686    0.1786   0.05194   0.01119   0.01161
   160/299     4.45G   0.03228   0.01107  0.008208   0.05155        29       640    0.5863    0.5729    0.5208    0.1947   0.05167   0.01137    0.0106
   161/299     4.45G   0.03675   0.01081  0.006221   0.05378        31       640    0.6244    0.5213    0.4977    0.2019   0.05293   0.01091  0.009667
   162/299     4.45G   0.03658   0.01054   0.01115   0.05828        34       640     0.647    0.4626    0.4643    0.1742   0.05315     0.011  0.009779
   163/299     4.45G   0.03605   0.01109  0.007752   0.05489        34       640    0.5429    0.6208    0.5294    0.1758   0.05226   0.01117   0.01013
   164/299     4.45G   0.03533   0.01069  0.006566    0.0526        33       640    0.5797    0.5042     0.485    0.1695     0.051   0.01149   0.01049
   165/299     4.45G   0.03613   0.01107  0.007908    0.0551        29       640    0.5807    0.5584     0.548    0.1797   0.04856   0.01132  0.009856
   166/299     4.45G   0.03904    0.0115  0.008184   0.05872        33       640    0.5135    0.5694    0.5274    0.1792   0.04746   0.01114   0.01171
   167/299     4.45G   0.03669   0.01057  0.008378   0.05564        26       640    0.6125    0.5116    0.5269    0.2057   0.04619   0.01118   0.01144
   168/299     4.45G   0.03845   0.01132  0.009949   0.05972        36       640    0.6461     0.499    0.5149    0.2013   0.04695   0.01109   0.01024
   169/299     4.45G   0.03718   0.01062  0.007133   0.05493        32       640    0.7307    0.4746    0.5325    0.2248   0.04879   0.01119   0.01009
   170/299     4.45G   0.03737   0.01095   0.01129   0.05961        28       640    0.5285    0.4921    0.4952    0.2176   0.05142   0.01114   0.01065
   171/299     4.45G   0.04028   0.01064  0.007683    0.0586        34       640     0.696    0.4395    0.5165    0.2009   0.04976   0.01087   0.01023
   172/299     4.45G   0.03161  0.009831  0.005794   0.04724        26       640     0.658    0.5151    0.5524    0.2027   0.05062   0.01062  0.009791
   173/299     4.45G    0.0327   0.01004  0.005442   0.04818        26       640    0.6416    0.4997    0.5019    0.1776   0.04902   0.01054  0.009601
   174/299     4.45G   0.03594   0.01058  0.007402   0.05392        32       640    0.5777    0.5363    0.5319    0.2149   0.04867   0.01088   0.01032
   175/299     4.45G   0.03933   0.01145  0.008969   0.05975        29       640     0.642    0.5388    0.5361    0.2163   0.04913   0.01083   0.01057
   176/299     4.45G   0.03327   0.01033  0.009529   0.05313        27       640    0.6725    0.4688    0.5257    0.1901   0.04963   0.01097   0.01025
   177/299     4.45G   0.02983  0.009366  0.003961   0.04316        31       640    0.4699    0.5378    0.4803    0.1734   0.04938   0.01135   0.01001
   178/299     4.45G   0.03588   0.01038  0.008283   0.05454        30       640    0.7055    0.5074    0.5456    0.2032   0.04767   0.01128   0.01016
   179/299     4.45G   0.03169  0.009317  0.005155   0.04616        29       640     0.702    0.5148    0.5934    0.2115   0.04739   0.01103   0.01047
   180/299     4.45G   0.03765    0.0107  0.009823   0.05817        33       640    0.6896    0.4804    0.5282    0.2154    0.0459    0.0112  0.009678
   181/299     4.45G   0.03481   0.01005  0.007577   0.05244        32       640    0.7693    0.4771    0.5644     0.218   0.04568   0.01138    0.0091
   182/299     4.45G   0.03516   0.01073  0.006931   0.05282        34       640    0.7102    0.4454    0.5247    0.2028   0.04808   0.01132   0.00951
   183/299     4.45G   0.03985   0.01103  0.008186   0.05907        29       640     0.605    0.5004    0.4711    0.1859   0.05031   0.01119  0.009976
   184/299     4.45G    0.0339   0.01075  0.008351     0.053        34       640     0.608    0.4533    0.4945     0.219   0.05149   0.01117  0.009281
   185/299     4.45G   0.03383   0.01129  0.007961   0.05308        46       640    0.6494    0.4583    0.5031    0.1989    0.0513     0.011  0.008419
   186/299     4.45G   0.03171  0.009609  0.004404   0.04572        32       640    0.5878    0.5707    0.4989    0.2089   0.05015    0.0112  0.009144
   187/299     4.45G   0.03231  0.009654  0.008329   0.05029        26       640    0.5904    0.4993    0.4497    0.1991   0.04971   0.01148  0.008163
   188/299     4.45G   0.03112  0.009959  0.006872   0.04795        28       640    0.5599    0.5075    0.4307    0.1786   0.04808   0.01171  0.007833
   189/299     4.45G   0.03508  0.009846  0.007079     0.052        30       640    0.5517    0.4807     0.457    0.1897   0.04688   0.01151  0.007917
   190/299     4.45G   0.03203   0.01004  0.007779   0.04985        26       640    0.6188     0.452    0.5113    0.2012   0.04615   0.01152    0.0086
   191/299     4.45G   0.03342      0.01  0.005735   0.04916        36       640    0.6701    0.4343    0.5002    0.1901   0.04555   0.01163  0.009186
   192/299     4.45G   0.03415  0.009828  0.008225   0.05221        37       640    0.6569    0.4222     0.504    0.1938   0.04499   0.01136  0.009633
   193/299     4.45G     0.032   0.01013   0.00658   0.04871        35       640     0.585    0.4658    0.4873    0.2097   0.04516   0.01117   0.01025
   194/299     4.45G   0.03667   0.01009   0.01024     0.057        29       640    0.7099    0.4203    0.4635    0.1895   0.04428   0.01164   0.01021
   195/299     4.45G   0.03224  0.009486   0.00724   0.04897        32       640    0.5657    0.5051    0.4894    0.1836   0.04432   0.01183  0.009758
   196/299     4.45G   0.03656   0.01031  0.006861   0.05374        34       640    0.6275    0.4158    0.4934    0.2034   0.04442   0.01184  0.009733
   197/299     4.45G   0.03574  0.009893  0.006615   0.05224        30       640      0.53    0.5384    0.5358    0.2295   0.04528   0.01182  0.009675
   198/299     4.45G    0.0339   0.01032  0.007977    0.0522        40       640    0.6109    0.5867     0.578    0.2213   0.04563   0.01167  0.009829
   199/299     4.45G   0.03325   0.01018  0.007345   0.05078        27       640    0.6983    0.5161    0.5549    0.1996   0.04752   0.01155   0.01015
   200/299     4.45G   0.03092  0.009803  0.006463   0.04719        27       640    0.5289    0.5507    0.5013    0.2204   0.05006   0.01177   0.01057
   201/299     4.45G   0.03313   0.01032  0.004345    0.0478        33       640    0.5603    0.5768    0.5152    0.2159   0.05022   0.01174   0.01085
   202/299     4.45G   0.03401  0.009541  0.004042    0.0476        26       640    0.6381    0.4454    0.4933    0.1972   0.04926   0.01152   0.01112
   203/299     4.45G   0.03326  0.009764  0.007381   0.05041        29       640    0.5091    0.4923    0.4864    0.2075   0.05028   0.01147   0.01242
   204/299     4.45G   0.02942   0.00922  0.005853    0.0445        29       640    0.5355    0.4769    0.4646    0.2132   0.04874   0.01135   0.01297
   205/299     4.45G   0.03557   0.00988  0.006792   0.05225        26       640    0.6291     0.434    0.4902    0.2179   0.04623   0.01155   0.01144
   206/299     4.45G   0.03258  0.009344  0.005542   0.04747        26       640    0.4604    0.6133    0.4968    0.2142   0.04567   0.01185  0.009573
   207/299     4.45G    0.0346  0.009875  0.005336   0.04981        30       640    0.4641    0.6406    0.5321    0.1999   0.04634   0.01171  0.009069
   208/299     4.45G    0.0364  0.009835  0.006233   0.05247        28       640    0.4166    0.6111    0.4863    0.2075   0.04892   0.01149  0.008962
   209/299     4.45G   0.03794   0.01059  0.006269    0.0548        34       640     0.526    0.5002    0.4919    0.2008   0.04854   0.01122  0.009269
   210/299     4.45G    0.0338  0.009923   0.00736   0.05109        36       640    0.5417    0.5123    0.4829     0.201   0.04818   0.01104  0.009369
   211/299     4.45G   0.03357   0.01029  0.005993   0.04985        35       640     0.637    0.4869    0.5368    0.2454   0.04598   0.01128  0.009182
   212/299     4.45G   0.03165   0.00988  0.005196   0.04673        33       640    0.6601    0.4977     0.528    0.2302    0.0458    0.0113  0.009638
   213/299     4.45G   0.02854  0.008789  0.004155   0.04149        28       640    0.7127    0.4732    0.5403    0.2399    0.0454   0.01132   0.01013
   214/299     4.45G   0.03436  0.009737  0.008773   0.05287        35       640    0.7327    0.4835    0.5617    0.2364   0.04412    0.0114   0.01055
   215/299     4.45G   0.03399   0.00925  0.005904   0.04915        29       640    0.7506    0.4888    0.5479    0.2228   0.04491   0.01176   0.01083
   216/299     4.45G   0.03877   0.01038   0.01032   0.05947        36       640    0.7343    0.4256    0.4918    0.1951   0.04456    0.0118   0.01109
   217/299     4.45G   0.03567  0.009935  0.008527   0.05413        36       640    0.5976    0.4941    0.5094     0.186   0.04521   0.01146   0.01108
   218/299     4.45G   0.03013  0.009209  0.003978   0.04332        31       640    0.6482    0.4653    0.4967    0.2099   0.04552   0.01128   0.01143
   219/299     4.45G    0.0303  0.009538  0.004795   0.04463        26       640    0.6331     0.422    0.4729    0.2271   0.04578   0.01137   0.01086
   220/299     4.45G   0.03199  0.008952  0.007373   0.04831        30       640    0.6159     0.417     0.475    0.2318   0.04676   0.01164   0.01071
   221/299     4.45G   0.02903  0.009439  0.004683   0.04315        34       640    0.6256    0.4449    0.5005    0.2121   0.04672   0.01192   0.01047
   222/299     4.45G   0.03274  0.009235  0.005341   0.04732        32       640    0.5948    0.4718    0.5197    0.1916   0.04679   0.01205   0.01068
   223/299     4.45G    0.0312  0.009703  0.005384   0.04629        40       640    0.4741    0.5394     0.505    0.2164   0.04647   0.01192   0.01181
   224/299     4.45G   0.03235  0.008948  0.004165   0.04546        28       640    0.6374    0.4717    0.5064    0.2135    0.0455   0.01175   0.01233
   225/299     4.45G   0.03039  0.008707  0.005475   0.04458        31       640    0.5562    0.5048    0.5164    0.2048   0.04585   0.01167   0.01229
   226/299     4.45G   0.03004  0.008626   0.00854   0.04721        27       640    0.4903    0.4946    0.4867    0.2216   0.04624    0.0118   0.01146
   227/299     4.45G   0.03248  0.009305  0.004418    0.0462        28       640     0.487    0.4831    0.4667    0.2143   0.04583     0.012   0.01096
   228/299     4.45G   0.03113  0.009652  0.006536   0.04732        35       640    0.4876    0.4986    0.4892    0.1963   0.04575   0.01208   0.01062
   229/299     4.45G   0.03063  0.009074  0.006356   0.04606        25       640    0.6878    0.4942    0.5136    0.2127   0.04564   0.01197   0.01113
   230/299     4.45G   0.03583  0.009718   0.01419   0.05974        40       640    0.6302    0.4345    0.5004    0.2315   0.04522   0.01187   0.01128
   231/299     4.45G   0.03149  0.009421  0.004676   0.04558        38       640    0.5129    0.4808    0.4958    0.2219   0.04554   0.01183   0.01101
   232/299     4.45G    0.0313  0.008666  0.006191   0.04616        26       640     0.474    0.5745    0.4978    0.2192   0.04622   0.01179   0.01081
   233/299     4.45G   0.03088  0.009547  0.007889   0.04831        42       640     0.841    0.4488    0.5324    0.2303   0.04672   0.01169   0.01043
   234/299     4.45G   0.03069  0.009254  0.003822   0.04377        31       640    0.7223    0.5392    0.5757    0.2416   0.04717   0.01147   0.01055
   235/299     4.45G   0.03449    0.0088  0.008793   0.05209        26       640    0.6332    0.4749    0.5269    0.2219   0.04704    0.0117   0.01155
   236/299     4.45G   0.03043  0.009374  0.005143   0.04495        32       640    0.7988    0.4307    0.5072    0.1972   0.04728   0.01188    0.0125
   237/299     4.45G   0.03146  0.009202  0.004059   0.04472        29       640    0.7862    0.4075    0.5111    0.2162    0.0478   0.01188   0.01209
   238/299     4.45G    0.0301  0.009402  0.005547   0.04505        32       640    0.6655    0.3671     0.455    0.2072   0.04821   0.01173   0.01182
   239/299     4.45G   0.03302  0.008678  0.007924   0.04962        32       640    0.4397    0.4785    0.4307    0.1898   0.04756   0.01174   0.01164
   240/299     4.45G   0.03329  0.009139   0.01087    0.0533        33       640    0.4912    0.5978    0.5032    0.2014   0.04679   0.01203   0.01213
   241/299     4.45G   0.03038  0.008774  0.004466   0.04362        35       640    0.5532     0.496    0.4959    0.2098   0.04603   0.01199   0.01222
   242/299     4.45G   0.03325  0.009826  0.005111   0.04818        36       640    0.6049    0.5384    0.5222    0.2058   0.04692   0.01209   0.01272
   243/299     4.45G   0.03044  0.009517  0.006336   0.04629        27       640    0.7352    0.4639    0.5181    0.2051   0.04706   0.01234    0.0126
   244/299     4.45G   0.03168  0.009222  0.006172   0.04707        30       640    0.7251    0.4585    0.5078    0.2074   0.04784   0.01246   0.01214
   245/299     4.45G   0.03166  0.009402   0.01021   0.05127        30       640    0.6457    0.5034    0.5216    0.2129    0.0472   0.01234   0.01157
   246/299     4.45G   0.03084  0.008526  0.004151   0.04352        31       640    0.7174    0.5025    0.5299    0.2018    0.0466   0.01204   0.01084
   247/299     4.45G    0.0284  0.008834  0.005026   0.04226        29       640    0.7177    0.5348    0.5333    0.2193   0.04612   0.01198   0.01047
   248/299     4.45G   0.03033  0.008437  0.006413   0.04518        30       640     0.625    0.5407    0.5203    0.2356   0.04605   0.01177   0.01024
   249/299     4.45G   0.02951  0.008716  0.005986   0.04422        30       640     0.496    0.5565     0.508    0.2238   0.04534   0.01178   0.01039
   250/299     4.45G   0.03358  0.009486  0.007307   0.05038        32       640    0.6059    0.5563    0.5753    0.2453   0.04571   0.01197   0.01054
   251/299     4.45G    0.0296  0.008759  0.005034   0.04339        29       640    0.6417    0.5126    0.5583    0.2296   0.04542   0.01204   0.01022
   252/299     4.45G   0.03019  0.009039  0.003695   0.04293        33       640    0.6713    0.5342    0.5512    0.2215   0.04579   0.01218  0.009757
   253/299     4.45G   0.03214  0.008909  0.005678   0.04673        36       640    0.6363    0.5305    0.5169    0.2217   0.04622   0.01225  0.009768
   254/299     4.45G   0.03258  0.008926  0.007141   0.04865        31       640    0.7341    0.4986    0.5504     0.223   0.04532    0.0122   0.01025
   255/299     4.45G    0.0275  0.008381  0.002505   0.03839        34       640    0.6789    0.5171    0.5436    0.2269    0.0446   0.01212    0.0103
   256/299     4.45G   0.03001  0.009417  0.006686   0.04612        36       640    0.7441    0.4704     0.533    0.2316   0.04522   0.01203   0.01017
   257/299     4.45G   0.03164  0.009184  0.006955   0.04778        33       640    0.6953    0.4581    0.5185    0.2379   0.04594     0.012  0.009837
   258/299     4.45G   0.02866  0.009253   0.00501   0.04293        29       640    0.7551    0.4473    0.5176      0.24   0.04641   0.01192  0.009716
   259/299     4.45G   0.02896  0.009161  0.004644   0.04277        34       640    0.5648    0.4979    0.5006    0.2179   0.04694   0.01199  0.009821
   260/299     4.45G   0.02721  0.008785  0.004755   0.04075        27       640    0.5999    0.4898    0.4908    0.2241   0.04661   0.01207  0.009884
   261/299     4.45G   0.02708  0.008649  0.003099   0.03883        32       640    0.5249    0.5343    0.5025    0.2379   0.04609   0.01211  0.009675
   262/299     4.45G    0.0262  0.008443  0.007095   0.04173        33       640    0.6078    0.5357    0.5291    0.2243   0.04679   0.01218   0.01037
   263/299     4.45G   0.02745  0.007908  0.004353   0.03971        27       640    0.6602    0.5103    0.5332    0.2093    0.0473   0.01221   0.01138
   264/299     4.45G   0.02713  0.008313  0.003454   0.03889        31       640    0.6819     0.506    0.5173    0.2373   0.04723   0.01226    0.0114
   265/299     4.45G   0.02987  0.008527  0.005622   0.04402        25       640    0.6972    0.4951      0.51    0.2272   0.04747   0.01224   0.01074
   266/299     4.45G   0.02802  0.007901  0.006241   0.04216        31       640    0.6318     0.529    0.5155    0.2073   0.04731   0.01229   0.01045
   267/299     4.45G   0.03003  0.009002  0.005183   0.04421        33       640    0.6251    0.5604    0.5228    0.2187    0.0466   0.01233   0.01037
   268/299     4.45G    0.0248  0.007994  0.004035   0.03683        28       640    0.6976     0.548    0.5512    0.2399   0.04574   0.01235    0.0104
   269/299     4.45G   0.02932  0.009446  0.006718   0.04549        34       640    0.5888    0.5225    0.5072    0.2443   0.04609   0.01247   0.01048
   270/299     4.45G   0.02964  0.008716  0.004881   0.04324        29       640    0.5408    0.4839    0.4843    0.2289   0.04635   0.01256   0.01061
   271/299     4.45G   0.02823  0.008146  0.005036   0.04141        32       640    0.6952    0.4998    0.5461    0.2389   0.04609   0.01265    0.0106
   272/299     4.45G    0.0305    0.0088  0.004306   0.04361        35       640    0.5966    0.5247    0.5187    0.2241   0.04613   0.01276   0.01007
   273/299     4.45G   0.03127  0.008233  0.003644   0.04315        28       640    0.5023    0.5135    0.4928    0.2108   0.04612   0.01289  0.009682
   274/299     4.45G    0.0274  0.008143  0.003357    0.0389        30       640    0.5034    0.5651    0.5179    0.2107    0.0455   0.01281  0.009352
   275/299     4.45G   0.02478  0.007755  0.003374   0.03591        26       640     0.728    0.4446    0.5412    0.2212   0.04479   0.01252  0.009431
   276/299     4.45G   0.03044  0.008803  0.003148   0.04239        31       640    0.6312    0.4551    0.4882    0.2175   0.04468   0.01231  0.009576
   277/299     4.45G   0.02901  0.008729  0.004735   0.04247        34       640    0.6937    0.4684    0.5084    0.2326   0.04515   0.01217  0.009684
   278/299     4.45G   0.03065  0.007858  0.005808   0.04431        35       640    0.6369    0.5006    0.5516    0.2422     0.045   0.01208  0.009971
   279/299     4.45G   0.03015  0.008682  0.004726   0.04355        30       640    0.6719    0.4913    0.5493    0.2533   0.04393   0.01214   0.01016
   280/299     4.45G   0.02796   0.00906    0.0045   0.04152        31       640    0.7488    0.5132    0.5529    0.2542   0.04354   0.01212   0.01017
   281/299     4.45G   0.03341  0.008578  0.004631   0.04662        29       640    0.7242    0.5111    0.5873    0.2585   0.04531   0.01192    0.0106
   282/299     4.45G   0.03157  0.008369   0.00399   0.04393        25       640    0.6842     0.525    0.5715    0.2568   0.04579   0.01173    0.0111
   283/299     4.45G   0.02787  0.008462  0.004077   0.04041        32       640    0.4786    0.5236    0.4853    0.2197   0.04525   0.01185   0.01132
   284/299     4.45G   0.02915  0.008392  0.005411   0.04295        26       640    0.6465    0.4559    0.4783     0.214   0.04421   0.01212   0.01114
   285/299     4.45G   0.03136  0.008062   0.00422   0.04364        32       640    0.6864    0.4745    0.5021    0.2318   0.04404   0.01236   0.01085
   286/299     4.45G   0.03013  0.008397  0.003975   0.04251        33       640     0.643    0.4966    0.4983    0.2287   0.04499   0.01248   0.01068
   287/299     4.45G   0.02729  0.008307  0.004544   0.04014        27       640     0.808    0.4096    0.4944    0.2277   0.04648   0.01261   0.01068
   288/299     4.45G   0.02889  0.008081  0.004734    0.0417        29       640    0.7425    0.4224    0.5062    0.2318   0.04545   0.01291   0.01046
   289/299     4.45G   0.03129  0.008696  0.005498   0.04549        31       640    0.6791    0.4213    0.5025    0.2201   0.04444   0.01305   0.01048
   290/299     4.45G   0.02655  0.008177  0.003751   0.03848        42       640     0.647    0.4656    0.4642    0.2091   0.04431   0.01307   0.01107
   291/299     4.45G   0.02965  0.008029  0.004544   0.04222        29       640    0.5974    0.4587    0.4659    0.2059   0.04471   0.01288   0.01161
   292/299     4.45G   0.02785   0.00857  0.004467   0.04089        31       640    0.6197    0.4644     0.491    0.2313    0.0447   0.01267   0.01189
   293/299     4.45G   0.02724  0.008463  0.002608   0.03832        29       640    0.5796    0.5556     0.509    0.2331   0.04525   0.01257   0.01178
   294/299     4.45G   0.02886  0.007893  0.003539   0.04029        27       640    0.6546    0.4893    0.4836    0.2002    0.0449   0.01244   0.01166
   295/299     4.45G   0.02974  0.008681  0.005406   0.04383        34       640    0.5659    0.5158    0.5005    0.2249   0.04558   0.01254   0.01166
   296/299     4.45G   0.02884  0.008975  0.004064   0.04188        33       640    0.5458    0.4634     0.462    0.2135   0.04566   0.01262    0.0122
   297/299     4.45G   0.02577  0.008067  0.003929   0.03776        31       640    0.7245    0.4627    0.4781    0.2308    0.0463   0.01249   0.01226
   298/299     4.45G   0.02636  0.007855  0.005112   0.03932        27       640    0.7734    0.4683    0.5172    0.2369    0.0466   0.01235   0.01185
   299/299     4.45G   0.02775  0.008005  0.004501   0.04025        28       640      0.78    0.4756    0.5324    0.2313   0.04657   0.01232   0.01186
